{
  "parameters": {
    "agents": 3,
    "debate_rounds": 3,
    "model": "/mnt/public/code/zzy/wzh/dynamic_train/dt-data/mars/ckpt/Qwen2.5-1.5B-Instruct",
    "device": "cuda",
    "episodes": 1,
    "base_threshold": 0.0,
    "final_threshold": 0.8,
    "outlier_threshold": 0.5,
    "min_weight": 0.1,
    "max_weight": 0.9,
    "use_outlier": true,
    "equality_weight": 0.5,
    "use_embeddings": true
  },
  "summary": {
    "total_episodes": 1,
    "correct_episodes": 1,
    "accuracy": 1.0,
    "timestamp": "2025-04-19T19:47:31.148713",
    "run_time_seconds": 425.1441230773926
  },
  "history": [
    {
      "episode": 1,
      "question": "Janet \u7684\u9e2d\u5b50\u6bcf\u5929\u4ea7 16 \u4e2a\u86cb\u3002\u5979\u6bcf\u5929\u65e9\u4e0a\u5403\u6389 3 \u4e2a\u505a\u65e9\u9910\uff0c\u53e6\u5916\u7528 4 \u4e2a\u70e4\u677e\u997c\u9001\u7ed9\u670b\u53cb\u3002\u5979\u628a\u5269\u4e0b\u7684\u86cb\u62ff\u5230\u519c\u8d38\u5e02\u573a\u5356\uff0c\u6bcf\u4e2a\u86cb\u5356 2 \u7f8e\u5143\u3002\u5979\u6bcf\u5929\u5728\u5e02\u573a\u4e0a\u80fd\u8d5a\u591a\u5c11\u94b1\uff1f",
      "options": [
        "$12",
        "$16",
        "$18",
        "$20"
      ],
      "correct_answer": "C",
      "rounds": [
        {
          "round": 1,
          "time_taken": 4.53069281578064,
          "reward": 1.3,
          "majority_answer": "C",
          "is_correct": true,
          "agent_answers": [
            {
              "agent_id": 0,
              "answer": "C"
            },
            {
              "agent_id": 1,
              "answer": "C"
            },
            {
              "agent_id": 2,
              "answer": "C"
            }
          ],
          "weight_matrix": [
            [
              0.33333328697417164,
              0.3333333426051657,
              0.3333333704206627
            ],
            [
              0.3333333426051657,
              0.33333328697417164,
              0.3333333704206627
            ],
            [
              0.33333336114882955,
              0.33333336114882955,
              0.33333327770234084
            ]
          ],
          "similarity_matrix": [
            [
              0.9999998807907104,
              0.8510998487472534,
              0.9628572463989258
            ],
            [
              0.8510998487472534,
              1.0,
              0.8457119464874268
            ],
            [
              0.9628572463989258,
              0.8457119464874268,
              1.000000238418579
            ]
          ]
        },
        {
          "round": 2,
          "time_taken": 5.2295637130737305,
          "reward": 0.09999999999999998,
          "majority_answer": "B",
          "is_correct": false,
          "agent_answers": [
            {
              "agent_id": 0,
              "answer": "C"
            },
            {
              "agent_id": 1,
              "answer": "B"
            },
            {
              "agent_id": 2,
              "answer": "B"
            }
          ],
          "weight_matrix": [
            [
              0.3484599851687603,
              0.31213996402074956,
              0.3394000508104902
            ],
            [
              0.32132150582520697,
              0.3587098739679879,
              0.319968620206805
            ],
            [
              0.3398466867872868,
              0.31123476958033824,
              0.34891854363237496
            ]
          ],
          "similarity_matrix": [
            [
              0.9999999403953552,
              0.4448384940624237,
              0.47608834505081177
            ],
            [
              0.4448384940624237,
              1.0,
              0.939507782459259
            ],
            [
              0.47608834505081177,
              0.939507782459259,
              0.9999999403953552
            ]
          ]
        },
        {
          "round": 3,
          "time_taken": 4.9598023891448975,
          "reward": 1.6,
          "majority_answer": "C",
          "is_correct": true,
          "agent_answers": [
            {
              "agent_id": 0,
              "answer": "C"
            },
            {
              "agent_id": 1,
              "answer": "D"
            },
            {
              "agent_id": 2,
              "answer": "A"
            }
          ],
          "weight_matrix": [
            [
              0.445503994042448,
              0.27237532627878064,
              0.2821206796787714
            ],
            [
              0.23798242776182715,
              0.38925009665264965,
              0.3727674755855231
            ],
            [
              0.24441607771939228,
              0.36962023129502947,
              0.38596369098557826
            ]
          ],
          "similarity_matrix": [
            [
              1.0,
              0.43200141191482544,
              0.47068819403648376
            ],
            [
              0.43200141191482544,
              1.0,
              0.432691752910614
            ],
            [
              0.47068819403648376,
              0.432691752910614,
              1.0
            ]
          ]
        }
      ],
      "total_reward": 3.0,
      "is_correct": true,
      "time_taken": 22.121328830718994
    }
  ]
}