{
  "parameters": {
    "agents": 3,
    "debate_rounds": 5,
    "model": "/mnt/public/code/zzy/wzh/dynamic_train/dt-data/mars/ckpt/Qwen2.5-1.5B-Instruct",
    "device": "cuda",
    "episodes": 10,
    "base_threshold": 0.0,
    "final_threshold": 0.8,
    "outlier_threshold": 0.5,
    "min_weight": 0.1,
    "max_weight": 0.9,
    "use_outlier": true,
    "equality_weight": 0.5,
    "use_embeddings": true
  },
  "summary": {
    "total_episodes": 10,
    "correct_episodes": 6,
    "accuracy": 0.6,
    "timestamp": "2025-04-20T09:05:08.039461",
    "run_time_seconds": 553.2684102058411
  },
  "history": [
    {
      "episode": 1,
      "question": "In how many ways can $7$ people sit around a round table if no two of the $3$ people Pierre, Rosa, and Thomas can sit next to each other? (Seating arrangements which are rotations of each other are treated as the same.)",
      "options": [
        "144",
        "180",
        "128",
        "156"
      ],
      "correct_answer": "A",
      "rounds": [
        {
          "round": 1,
          "time_taken": 5.498048305511475,
          "reward": 0.19999999999999998,
          "majority_answer": "C",
          "is_correct": false,
          "agent_answers": [
            {
              "agent_id": 0,
              "answer": "C"
            },
            {
              "agent_id": 1,
              "answer": "C"
            },
            {
              "agent_id": 2,
              "answer": "C"
            }
          ],
          "weight_matrix": [
            [
              0.3333333426051673,
              0.33333331478966555,
              0.3333333426051673
            ],
            [
              0.33333332869741616,
              0.333333356512919,
              0.33333331478966477
            ],
            [
              0.3333333472410844,
              0.33333330551783125,
              0.3333333472410844
            ]
          ],
          "similarity_matrix": [
            [
              1.000000238418579,
              0.9230080842971802,
              0.9404618740081787
            ],
            [
              0.9230080842971802,
              1.0,
              0.9326273798942566
            ],
            [
              0.9404618740081787,
              0.9326273798942566,
              0.9999999403953552
            ]
          ]
        },
        {
          "round": 2,
          "time_taken": 4.224214792251587,
          "reward": 0.19999999999999998,
          "majority_answer": "C",
          "is_correct": false,
          "agent_answers": [
            {
              "agent_id": 0,
              "answer": "C"
            },
            {
              "agent_id": 1,
              "answer": "C"
            },
            {
              "agent_id": 2,
              "answer": "C"
            }
          ],
          "weight_matrix": [
            [
              0.34430175778057465,
              0.32574584144261237,
              0.32995240077681287
            ],
            [
              0.3263620786675594,
              0.3449530985891616,
              0.328684822743279
            ],
            [
              0.3291892222217783,
              0.3273053885568094,
              0.3435053892214122
            ]
          ],
          "similarity_matrix": [
            [
              1.0000001192092896,
              0.8999786972999573,
              0.9026352167129517
            ],
            [
              0.8999786972999573,
              1.0000001192092896,
              0.8995640277862549
            ],
            [
              0.9026352167129517,
              0.8995640277862549,
              1.0
            ]
          ]
        },
        {
          "round": 3,
          "time_taken": 4.4608049392700195,
          "reward": 0.19999999999999998,
          "majority_answer": "C",
          "is_correct": false,
          "agent_answers": [
            {
              "agent_id": 0,
              "answer": "C"
            },
            {
              "agent_id": 1,
              "answer": "C"
            },
            {
              "agent_id": 2,
              "answer": "C"
            }
          ],
          "weight_matrix": [
            [
              0.34942679716045155,
              0.32496171074524716,
              0.32561149209430124
            ],
            [
              0.32520600842468395,
              0.34968948704931124,
              0.32510450452600487
            ],
            [
              0.32564452145220835,
              0.3248932362540265,
              0.34946224229376527
            ]
          ],
          "similarity_matrix": [
            [
              0.9999999403953552,
              0.9481045007705688,
              0.9377955198287964
            ],
            [
              0.9481045007705688,
              1.0,
              0.8956132531166077
            ],
            [
              0.9377955198287964,
              0.8956132531166077,
              0.9999998807907104
            ]
          ]
        },
        {
          "round": 4,
          "time_taken": 4.914340496063232,
          "reward": 0.19999999999999998,
          "majority_answer": "C",
          "is_correct": false,
          "agent_answers": [
            {
              "agent_id": 0,
              "answer": "C"
            },
            {
              "agent_id": 1,
              "answer": "C"
            },
            {
              "agent_id": 2,
              "answer": "C"
            }
          ],
          "weight_matrix": [
            [
              0.34245050564941143,
              0.33001035768297826,
              0.3275391366676102
            ],
            [
              0.3333814229510513,
              0.3459486473857316,
              0.32066992966321717
            ],
            [
              0.33171306827740743,
              0.32147247431809167,
              0.34681445740450095
            ]
          ],
          "similarity_matrix": [
            [
              1.0,
              0.889793336391449,
              0.8986429572105408
            ],
            [
              0.889793336391449,
              1.0,
              0.9062597751617432
            ],
            [
              0.8986429572105408,
              0.9062597751617432,
              0.9999999403953552
            ]
          ]
        },
        {
          "round": 5,
          "time_taken": 5.395704746246338,
          "reward": 0.19999999999999998,
          "majority_answer": "C",
          "is_correct": false,
          "agent_answers": [
            {
              "agent_id": 0,
              "answer": "C"
            },
            {
              "agent_id": 1,
              "answer": "C"
            },
            {
              "agent_id": 2,
              "answer": "C"
            }
          ],
          "weight_matrix": [
            [
              0.35064276608332223,
              0.32359254752536065,
              0.32576468639131706
            ],
            [
              0.3229887048060239,
              0.3499884460657361,
              0.32702284912824015
            ],
            [
              0.324453347725715,
              0.32631536949835344,
              0.3492312827759315
            ]
          ],
          "similarity_matrix": [
            [
              0.9999999403953552,
              0.8884822130203247,
              0.9170733690261841
            ],
            [
              0.8884822130203247,
              1.0000001192092896,
              0.9468585848808289
            ],
            [
              0.9170733690261841,
              0.9468585848808289,
              1.0
            ]
          ]
        }
      ],
      "total_reward": 0.9999999999999999,
      "is_correct": false,
      "time_taken": 33.852283000946045
    },
    {
      "episode": 2,
      "question": "Janet \u7684\u9e2d\u5b50\u6bcf\u5929\u4ea7 16 \u4e2a\u86cb\u3002\u5979\u6bcf\u5929\u65e9\u4e0a\u5403\u6389 3 \u4e2a\u505a\u65e9\u9910\uff0c\u53e6\u5916\u7528 4 \u4e2a\u70e4\u677e\u997c\u9001\u7ed9\u670b\u53cb\u3002\u5979\u628a\u5269\u4e0b\u7684\u86cb\u62ff\u5230\u519c\u8d38\u5e02\u573a\u5356\uff0c\u6bcf\u4e2a\u86cb\u5356 2 \u7f8e\u5143\u3002\u5979\u6bcf\u5929\u5728\u5e02\u573a\u4e0a\u80fd\u8d5a\u591a\u5c11\u94b1\uff1f",
      "options": [
        "$12",
        "$16",
        "$18",
        "$20"
      ],
      "correct_answer": "C",
      "rounds": [
        {
          "round": 1,
          "time_taken": 4.92547607421875,
          "reward": 1.3,
          "majority_answer": "C",
          "is_correct": true,
          "agent_answers": [
            {
              "agent_id": 0,
              "answer": "C"
            },
            {
              "agent_id": 1,
              "answer": "C"
            },
            {
              "agent_id": 2,
              "answer": "C"
            }
          ],
          "weight_matrix": [
            [
              0.33333328697417164,
              0.3333333426051657,
              0.3333333704206627
            ],
            [
              0.3333333426051657,
              0.33333328697417164,
              0.3333333704206627
            ],
            [
              0.33333336114882955,
              0.33333336114882955,
              0.33333327770234084
            ]
          ],
          "similarity_matrix": [
            [
              0.9999999403953552,
              0.9999997615814209,
              0.7958893775939941
            ],
            [
              0.9999997615814209,
              0.9999998807907104,
              0.7958893775939941
            ],
            [
              0.7958893775939941,
              0.7958893775939941,
              1.0
            ]
          ]
        },
        {
          "round": 2,
          "time_taken": 3.9213314056396484,
          "reward": 1.3,
          "majority_answer": "C",
          "is_correct": true,
          "agent_answers": [
            {
              "agent_id": 0,
              "answer": "C"
            },
            {
              "agent_id": 1,
              "answer": "C"
            },
            {
              "agent_id": 2,
              "answer": "C"
            }
          ],
          "weight_matrix": [
            [
              0.3500025063336558,
              0.35000244792068563,
              0.29999504574565866
            ],
            [
              0.35000244792068563,
              0.3500025063336558,
              0.29999504574565866
            ],
            [
              0.31578671921497414,
              0.31578671921497414,
              0.3684265615700517
            ]
          ],
          "similarity_matrix": [
            [
              1.0,
              0.8916179537773132,
              0.7652232646942139
            ],
            [
              0.8916179537773132,
              1.0,
              0.7843412756919861
            ],
            [
              0.7652232646942139,
              0.7843412756919861,
              1.0
            ]
          ]
        },
        {
          "round": 3,
          "time_taken": 4.333861351013184,
          "reward": 1.3,
          "majority_answer": "C",
          "is_correct": true,
          "agent_answers": [
            {
              "agent_id": 0,
              "answer": "C"
            },
            {
              "agent_id": 1,
              "answer": "C"
            },
            {
              "agent_id": 2,
              "answer": "C"
            }
          ],
          "weight_matrix": [
            [
              0.36234656101980395,
              0.3348562578122479,
              0.30279718116794807
            ],
            [
              0.33324032818175425,
              0.36059797030125246,
              0.3061617015169934
            ],
            [
              0.31126672854693893,
              0.316251505890288,
              0.37248176556277307
            ]
          ],
          "similarity_matrix": [
            [
              0.9999999403953552,
              0.8414146304130554,
              0.792325496673584
            ],
            [
              0.8414146304130554,
              1.0,
              0.8868347406387329
            ],
            [
              0.792325496673584,
              0.8868347406387329,
              1.0000001192092896
            ]
          ]
        },
        {
          "round": 4,
          "time_taken": 4.459259748458862,
          "reward": 1.3,
          "majority_answer": "C",
          "is_correct": true,
          "agent_answers": [
            {
              "agent_id": 0,
              "answer": "C"
            },
            {
              "agent_id": 1,
              "answer": "C"
            },
            {
              "agent_id": 2,
              "answer": "C"
            }
          ],
          "weight_matrix": [
            [
              0.36448221566392486,
              0.32402113284867246,
              0.31149665148740274
            ],
            [
              0.3163920173626266,
              0.3559004392487161,
              0.3277075433886572
            ],
            [
              0.30792826308990884,
              0.33176489232401757,
              0.36030684458607354
            ]
          ],
          "similarity_matrix": [
            [
              1.000000238418579,
              0.8538074493408203,
              0.9448807239532471
            ],
            [
              0.8538074493408203,
              1.0000001192092896,
              0.8344593048095703
            ],
            [
              0.9448807239532471,
              0.8344593048095703,
              1.0
            ]
          ]
        },
        {
          "round": 5,
          "time_taken": 4.8074541091918945,
          "reward": 1.3,
          "majority_answer": "C",
          "is_correct": true,
          "agent_answers": [
            {
              "agent_id": 0,
              "answer": "C"
            },
            {
              "agent_id": 1,
              "answer": "C"
            },
            {
              "agent_id": 2,
              "answer": "C"
            }
          ],
          "weight_matrix": [
            [
              0.349762650206187,
              0.31396976443491714,
              0.3362675853588959
            ],
            [
              0.32269375848756365,
              0.3594811888232046,
              0.3178250526892318
            ],
            [
              0.3378680938243123,
              0.31070451602156884,
              0.3514273901541187
            ]
          ],
          "similarity_matrix": [
            [
              0.9999998807907104,
              0.837212085723877,
              0.842629611492157
            ],
            [
              0.837212085723877,
              1.0,
              0.9242160320281982
            ],
            [
              0.842629611492157,
              0.9242160320281982,
              1.0
            ]
          ]
        }
      ],
      "total_reward": 6.5,
      "is_correct": true,
      "time_taken": 29.092331886291504
    },
    {
      "episode": 3,
      "question": "Janet \u7684\u9e2d\u5b50\u6bcf\u5929\u4ea7 16 \u4e2a\u86cb\u3002\u5979\u6bcf\u5929\u65e9\u4e0a\u5403\u6389 3 \u4e2a\u505a\u65e9\u9910\uff0c\u53e6\u5916\u7528 4 \u4e2a\u70e4\u677e\u997c\u9001\u7ed9\u670b\u53cb\u3002\u5979\u628a\u5269\u4e0b\u7684\u86cb\u62ff\u5230\u519c\u8d38\u5e02\u573a\u5356\uff0c\u6bcf\u4e2a\u86cb\u5356 2 \u7f8e\u5143\u3002\u5979\u6bcf\u5929\u5728\u5e02\u573a\u4e0a\u80fd\u8d5a\u591a\u5c11\u94b1\uff1f",
      "options": [
        "$12",
        "$16",
        "$18",
        "$20"
      ],
      "correct_answer": "C",
      "rounds": [
        {
          "round": 1,
          "time_taken": 5.508512258529663,
          "reward": 1.3,
          "majority_answer": "C",
          "is_correct": true,
          "agent_answers": [
            {
              "agent_id": 0,
              "answer": "C"
            },
            {
              "agent_id": 1,
              "answer": "C"
            },
            {
              "agent_id": 2,
              "answer": "C"
            }
          ],
          "weight_matrix": [
            [
              0.33333328697417164,
              0.3333333426051657,
              0.3333333704206627
            ],
            [
              0.3333333426051657,
              0.33333328697417164,
              0.3333333704206627
            ],
            [
              0.33333336114882955,
              0.33333336114882955,
              0.33333327770234084
            ]
          ],
          "similarity_matrix": [
            [
              1.0,
              0.9728409051895142,
              1.0
            ],
            [
              0.9728409051895142,
              1.0,
              0.9728409647941589
            ],
            [
              1.0,
              0.9728409647941589,
              1.0
            ]
          ]
        },
        {
          "round": 2,
          "time_taken": 4.546683073043823,
          "reward": 1.3,
          "majority_answer": "C",
          "is_correct": true,
          "agent_answers": [
            {
              "agent_id": 0,
              "answer": "C"
            },
            {
              "agent_id": 1,
              "answer": "C"
            },
            {
              "agent_id": 2,
              "answer": "C"
            }
          ],
          "weight_matrix": [
            [
              0.335459179118503,
              0.3290816417629939,
              0.335459179118503
            ],
            [
              0.3311938382025077,
              0.33761230950870147,
              0.33119385228879095
            ],
            [
              0.3354591744232662,
              0.3290816511534675,
              0.3354591744232662
            ]
          ],
          "similarity_matrix": [
            [
              0.9999998807907104,
              0.905011773109436,
              0.9050117135047913
            ],
            [
              0.905011773109436,
              1.0000001192092896,
              1.000000238418579
            ],
            [
              0.9050117135047913,
              1.000000238418579,
              1.0000001192092896
            ]
          ]
        },
        {
          "round": 3,
          "time_taken": 4.342120885848999,
          "reward": 1.2,
          "majority_answer": "C",
          "is_correct": true,
          "agent_answers": [
            {
              "agent_id": 0,
              "answer": "D"
            },
            {
              "agent_id": 1,
              "answer": "C"
            },
            {
              "agent_id": 2,
              "answer": "C"
            }
          ],
          "weight_matrix": [
            [
              0.3487946514113026,
              0.3256026815707722,
              0.3256026670179253
            ],
            [
              0.3182224528856552,
              0.34088874511119877,
              0.340888802003146
            ],
            [
              0.31822244318874204,
              0.34088880685160294,
              0.34088874995965496
            ]
          ],
          "similarity_matrix": [
            [
              1.0000001192092896,
              0.36637598276138306,
              0.36689993739128113
            ],
            [
              0.36637598276138306,
              1.0,
              0.9206521511077881
            ],
            [
              0.36689993739128113,
              0.9206521511077881,
              1.000000238418579
            ]
          ]
        },
        {
          "round": 4,
          "time_taken": 5.360387563705444,
          "reward": 1.3,
          "majority_answer": "C",
          "is_correct": true,
          "agent_answers": [
            {
              "agent_id": 0,
              "answer": "C"
            },
            {
              "agent_id": 1,
              "answer": "C"
            },
            {
              "agent_id": 2,
              "answer": "C"
            }
          ],
          "weight_matrix": [
            [
              0.4731951186178798,
              0.2633156642204244,
              0.2634892171616959
            ],
            [
              0.22250342117456476,
              0.3998529031202827,
              0.3776436757051524
            ],
            [
              0.2226174269299558,
              0.37758830111741803,
              0.3997942719526262
            ]
          ],
          "similarity_matrix": [
            [
              1.0000001192092896,
              0.9385637044906616,
              0.9474434852600098
            ],
            [
              0.9385637044906616,
              1.0,
              0.9340003132820129
            ],
            [
              0.9474434852600098,
              0.9340003132820129,
              1.0
            ]
          ]
        },
        {
          "round": 5,
          "time_taken": 4.5849995613098145,
          "reward": 1.3,
          "majority_answer": "C",
          "is_correct": true,
          "agent_answers": [
            {
              "agent_id": 0,
              "answer": "C"
            },
            {
              "agent_id": 1,
              "answer": "C"
            },
            {
              "agent_id": 2,
              "answer": "C"
            }
          ],
          "weight_matrix": [
            [
              0.34244170829075016,
              0.3277148633010589,
              0.329843428408191
            ],
            [
              0.3287743227565282,
              0.3435487777173278,
              0.3276768995261441
            ],
            [
              0.3302046349117587,
              0.32697865410992993,
              0.3428167109783114
            ]
          ],
          "similarity_matrix": [
            [
              1.000000238418579,
              1.0000001192092896,
              0.9352327585220337
            ],
            [
              1.0000001192092896,
              1.0000001192092896,
              0.9352327585220337
            ],
            [
              0.9352327585220337,
              0.9352327585220337,
              1.0
            ]
          ]
        }
      ],
      "total_reward": 6.3999999999999995,
      "is_correct": true,
      "time_taken": 30.918176412582397
    },
    {
      "episode": 4,
      "question": "Who wrote Romeo and Juliet?",
      "options": [
        "Charles Dickens",
        "William Shakespeare",
        "Jane Austen",
        "Mark Twain"
      ],
      "correct_answer": "B",
      "rounds": [
        {
          "round": 1,
          "time_taken": 3.6892573833465576,
          "reward": 1.2,
          "majority_answer": "B",
          "is_correct": true,
          "agent_answers": [
            {
              "agent_id": 0,
              "answer": "B"
            },
            {
              "agent_id": 1,
              "answer": "B"
            },
            {
              "agent_id": 2,
              "answer": "C"
            }
          ],
          "weight_matrix": [
            [
              0.3333333147896671,
              0.33333334260516645,
              0.33333334260516645
            ],
            [
              0.33333334260516645,
              0.3333333147896671,
              0.33333334260516645
            ],
            [
              0.33333334260516645,
              0.33333334260516645,
              0.3333333147896671
            ]
          ],
          "similarity_matrix": [
            [
              1.0000001192092896,
              0.957344114780426,
              0.3780335485935211
            ],
            [
              0.957344114780426,
              1.0000001192092896,
              0.38741230964660645
            ],
            [
              0.3780335485935211,
              0.38741230964660645,
              1.0
            ]
          ]
        },
        {
          "round": 2,
          "time_taken": 5.330301523208618,
          "reward": 1.2,
          "majority_answer": "B",
          "is_correct": true,
          "agent_answers": [
            {
              "agent_id": 0,
              "answer": "C"
            },
            {
              "agent_id": 1,
              "answer": "B"
            },
            {
              "agent_id": 2,
              "answer": "B"
            }
          ],
          "weight_matrix": [
            [
              0.3945139887793055,
              0.382734148383285,
              0.22275186283740941
            ],
            [
              0.38174541375046844,
              0.39349482274595204,
              0.22475976350357954
            ],
            [
              0.26436009226299095,
              0.2674339266769822,
              0.46820598106002675
            ]
          ],
          "similarity_matrix": [
            [
              1.0,
              0.41713449358940125,
              0.39141160249710083
            ],
            [
              0.41713449358940125,
              0.9999998807907104,
              0.9086000919342041
            ],
            [
              0.39141160249710083,
              0.9086000919342041,
              1.0
            ]
          ]
        },
        {
          "round": 3,
          "time_taken": 6.770337820053101,
          "reward": 1.3,
          "majority_answer": "B",
          "is_correct": true,
          "agent_answers": [
            {
              "agent_id": 0,
              "answer": "B"
            },
            {
              "agent_id": 1,
              "answer": "B"
            },
            {
              "agent_id": 2,
              "answer": "B"
            }
          ],
          "weight_matrix": [
            [
              0.4616842968270283,
              0.27331440079669334,
              0.2650013023762785
            ],
            [
              0.2341735830447873,
              0.3955673967721878,
              0.37025902018302487
            ],
            [
              0.22867978077768109,
              0.3729151440767205,
              0.3984050751455984
            ]
          ],
          "similarity_matrix": [
            [
              1.0000001192092896,
              0.992139458656311,
              0.9383788108825684
            ],
            [
              0.992139458656311,
              1.0,
              0.9471039772033691
            ],
            [
              0.9383788108825684,
              0.9471039772033691,
              1.0000001192092896
            ]
          ]
        },
        {
          "round": 4,
          "time_taken": 4.988885402679443,
          "reward": 1.3,
          "majority_answer": "B",
          "is_correct": true,
          "agent_answers": [
            {
              "agent_id": 0,
              "answer": "B"
            },
            {
              "agent_id": 1,
              "answer": "B"
            },
            {
              "agent_id": 2,
              "answer": "B"
            }
          ],
          "weight_matrix": [
            [
              0.3388265257786876,
              0.3369621738387323,
              0.32421130038258
            ],
            [
              0.3362662968136088,
              0.33812679858941375,
              0.3256069045969775
            ],
            [
              0.3277117372468376,
              0.3298035027919385,
              0.3424847599612238
            ]
          ],
          "similarity_matrix": [
            [
              1.0,
              0.9257833361625671,
              0.986544132232666
            ],
            [
              0.9257833361625671,
              1.0000001192092896,
              0.9188137054443359
            ],
            [
              0.986544132232666,
              0.9188137054443359,
              1.0
            ]
          ]
        },
        {
          "round": 5,
          "time_taken": 4.245150804519653,
          "reward": 1.3,
          "majority_answer": "B",
          "is_correct": true,
          "agent_answers": [
            {
              "agent_id": 0,
              "answer": "B"
            },
            {
              "agent_id": 1,
              "answer": "B"
            },
            {
              "agent_id": 2,
              "answer": "B"
            }
          ],
          "weight_matrix": [
            [
              0.3402947165003733,
              0.3226158394942594,
              0.3370894440053673
            ],
            [
              0.3279062175713506,
              0.34587499957248075,
              0.3262187828561686
            ],
            [
              0.33765001392031074,
              0.32148936938968775,
              0.34086061669000156
            ]
          ],
          "similarity_matrix": [
            [
              1.0,
              0.9045945405960083,
              0.9339540004730225
            ],
            [
              0.9045945405960083,
              1.0,
              0.9483270645141602
            ],
            [
              0.9339540004730225,
              0.9483270645141602,
              1.0000001192092896
            ]
          ]
        }
      ],
      "total_reward": 6.3,
      "is_correct": true,
      "time_taken": 29.55217218399048
    },
    {
      "episode": 5,
      "question": "What is 2+2?",
      "options": [
        "3",
        "4",
        "5",
        "6"
      ],
      "correct_answer": "B",
      "rounds": [
        {
          "round": 1,
          "time_taken": 3.3237109184265137,
          "reward": 1.3,
          "majority_answer": "B",
          "is_correct": true,
          "agent_answers": [
            {
              "agent_id": 0,
              "answer": "B"
            },
            {
              "agent_id": 1,
              "answer": "B"
            },
            {
              "agent_id": 2,
              "answer": "B"
            }
          ],
          "weight_matrix": [
            [
              0.3333333426051673,
              0.3333333426051673,
              0.33333331478966555
            ],
            [
              0.33333332406149996,
              0.33333332406149996,
              0.3333333518770001
            ],
            [
              0.3333333055178324,
              0.3333333611488342,
              0.3333333333333333
            ]
          ],
          "similarity_matrix": [
            [
              1.0000001192092896,
              1.0000001192092896,
              0.8971598148345947
            ],
            [
              1.0000001192092896,
              1.0000001192092896,
              0.8971598148345947
            ],
            [
              0.8971598148345947,
              0.8971598148345947,
              1.0
            ]
          ]
        },
        {
          "round": 2,
          "time_taken": 4.00978684425354,
          "reward": 1.3,
          "majority_answer": "B",
          "is_correct": true,
          "agent_answers": [
            {
              "agent_id": 0,
              "answer": "B"
            },
            {
              "agent_id": 1,
              "answer": "B"
            },
            {
              "agent_id": 2,
              "answer": "B"
            }
          ],
          "weight_matrix": [
            [
              0.3415286603224757,
              0.34152868882184795,
              0.3169426508556763
            ],
            [
              0.34152868882184795,
              0.3415286603224757,
              0.3169426508556763
            ],
            [
              0.3249314272627609,
              0.3249314272627609,
              0.3501371454744782
            ]
          ],
          "similarity_matrix": [
            [
              1.0,
              0.953679084777832,
              0.9536791443824768
            ],
            [
              0.953679084777832,
              0.9999999403953552,
              1.0
            ],
            [
              0.9536791443824768,
              1.0,
              1.0
            ]
          ]
        },
        {
          "round": 3,
          "time_taken": 4.374709844589233,
          "reward": 1.3,
          "majority_answer": "B",
          "is_correct": true,
          "agent_answers": [
            {
              "agent_id": 0,
              "answer": "B"
            },
            {
              "agent_id": 1,
              "answer": "B"
            },
            {
              "agent_id": 2,
              "answer": "B"
            }
          ],
          "weight_matrix": [
            [
              0.3406980021222347,
              0.3296509918313685,
              0.32965100604639685
            ],
            [
              0.3260491283895191,
              0.3369754358052405,
              0.3369754358052405
            ],
            [
              0.32604913786507334,
              0.33697543106746336,
              0.33697543106746336
            ]
          ],
          "similarity_matrix": [
            [
              1.0000001192092896,
              0.9610586166381836,
              0.9762532711029053
            ],
            [
              0.9610586166381836,
              1.0,
              0.9592038989067078
            ],
            [
              0.9762532711029053,
              0.9592038989067078,
              1.0
            ]
          ]
        },
        {
          "round": 4,
          "time_taken": 3.6913814544677734,
          "reward": 1.3,
          "majority_answer": "B",
          "is_correct": true,
          "agent_answers": [
            {
              "agent_id": 0,
              "answer": "B"
            },
            {
              "agent_id": 1,
              "answer": "B"
            },
            {
              "agent_id": 2,
              "answer": "B"
            }
          ],
          "weight_matrix": [
            [
              0.3382814526585185,
              0.3290602492460012,
              0.3326582980954804
            ],
            [
              0.3303941297996668,
              0.33965271233634614,
              0.329953157863987
            ],
            [
              0.3328044630287156,
              0.3287654486520125,
              0.33843008831927185
            ]
          ],
          "similarity_matrix": [
            [
              1.0,
              0.929000735282898,
              0.9165253639221191
            ],
            [
              0.929000735282898,
              1.0,
              0.958206057548523
            ],
            [
              0.9165253639221191,
              0.958206057548523,
              1.0000001192092896
            ]
          ]
        },
        {
          "round": 5,
          "time_taken": 4.139111042022705,
          "reward": 1.3,
          "majority_answer": "B",
          "is_correct": true,
          "agent_answers": [
            {
              "agent_id": 0,
              "answer": "B"
            },
            {
              "agent_id": 1,
              "answer": "B"
            },
            {
              "agent_id": 2,
              "answer": "B"
            }
          ],
          "weight_matrix": [
            [
              0.3457972171714558,
              0.3286112734591804,
              0.3255915093693639
            ],
            [
              0.32532898137806393,
              0.3423432654684416,
              0.3323277531534945
            ],
            [
              0.32330593574881117,
              0.33332425988038755,
              0.3433698043708013
            ]
          ],
          "similarity_matrix": [
            [
              1.0,
              0.966248631477356,
              0.9483919143676758
            ],
            [
              0.966248631477356,
              1.0,
              0.9626660943031311
            ],
            [
              0.9483919143676758,
              0.9626660943031311,
              0.9999999403953552
            ]
          ]
        }
      ],
      "total_reward": 6.5,
      "is_correct": true,
      "time_taken": 24.47697377204895
    },
    {
      "episode": 6,
      "question": "In how many ways can $7$ people sit around a round table if no two of the $3$ people Pierre, Rosa, and Thomas can sit next to each other? (Seating arrangements which are rotations of each other are treated as the same.)",
      "options": [
        "144",
        "180",
        "128",
        "156"
      ],
      "correct_answer": "A",
      "rounds": [
        {
          "round": 1,
          "time_taken": 6.309661388397217,
          "reward": 0.19999999999999998,
          "majority_answer": "C",
          "is_correct": false,
          "agent_answers": [
            {
              "agent_id": 0,
              "answer": "C"
            },
            {
              "agent_id": 1,
              "answer": "C"
            },
            {
              "agent_id": 2,
              "answer": "C"
            }
          ],
          "weight_matrix": [
            [
              0.3333333426051673,
              0.33333331478966555,
              0.3333333426051673
            ],
            [
              0.33333332869741616,
              0.333333356512919,
              0.33333331478966477
            ],
            [
              0.3333333472410844,
              0.33333330551783125,
              0.3333333472410844
            ]
          ],
          "similarity_matrix": [
            [
              1.0,
              0.9404618740081787,
              0.9404618740081787
            ],
            [
              0.9404618740081787,
              1.000000238418579,
              1.0000001192092896
            ],
            [
              0.9404618740081787,
              1.0000001192092896,
              1.0
            ]
          ]
        },
        {
          "round": 2,
          "time_taken": 3.1395931243896484,
          "reward": 0.09999999999999998,
          "majority_answer": "B",
          "is_correct": false,
          "agent_answers": [
            {
              "agent_id": 0,
              "answer": "B"
            },
            {
              "agent_id": 1,
              "answer": "B"
            },
            {
              "agent_id": 2,
              "answer": "C"
            }
          ],
          "weight_matrix": [
            [
              0.34285949895492657,
              0.32857025052253674,
              0.32857025052253674
            ],
            [
              0.32394136264605994,
              0.33802930457328845,
              0.3380293327806517
            ],
            [
              0.32394136264605994,
              0.3380293327806517,
              0.33802930457328845
            ]
          ],
          "similarity_matrix": [
            [
              1.0,
              0.9999999403953552,
              0.372541218996048
            ],
            [
              0.9999999403953552,
              1.0,
              0.37254124879837036
            ],
            [
              0.372541218996048,
              0.37254124879837036,
              1.0000001192092896
            ]
          ]
        },
        {
          "round": 3,
          "time_taken": 5.010464906692505,
          "reward": 0.09999999999999998,
          "majority_answer": "C",
          "is_correct": false,
          "agent_answers": [
            {
              "agent_id": 0,
              "answer": "C"
            },
            {
              "agent_id": 1,
              "answer": "C"
            },
            {
              "agent_id": 2,
              "answer": "B"
            }
          ],
          "weight_matrix": [
            [
              0.39050619892678284,
              0.39050618263359455,
              0.21898761843962264
            ],
            [
              0.39050617945229915,
