{
  "parameters": {
    "agents": 3,
    "debate_rounds": 3,
    "model": "/mnt/public/code/zzy/wzh/dynamic_train/dt-data/mars/ckpt/Qwen2.5-1.5B-Instruct",
    "device": "cuda",
    "episodes": 1,
    "base_threshold": 0.0,
    "final_threshold": 0.8,
    "outlier_threshold": 0.5,
    "min_weight": 0.1,
    "max_weight": 0.9,
    "use_outlier": true,
    "equality_weight": 0.5,
    "use_embeddings": true
  },
  "summary": {
    "total_episodes": 1,
    "correct_episodes": 0,
    "accuracy": 0.0,
    "timestamp": "2025-04-19T18:57:47.007453",
    "run_time_seconds": 278.2647294998169
  },
  "history": [
    {
      "episode": 1,
      "question": "What is the capital of France?",
      "options": [
        "Paris",
        "London",
        "Berlin",
        "Madrid"
      ],
      "correct_answer": "A",
      "rounds": [
        {
          "round": 1,
          "time_taken": 4.167212247848511,
          "reward": 1.3,
          "majority_answer": "A",
          "is_correct": true,
          "agent_answers": [
            {
              "agent_id": 0,
              "answer": "A"
            },
            {
              "agent_id": 1,
              "answer": "A"
            },
            {
              "agent_id": 2,
              "answer": "A"
            }
          ],
          "weight_matrix": [
            [
              0.333333296246003,
              0.3333333518769986,
              0.3333333518769986
            ],
            [
              0.3333333426051657,
              0.33333328697417164,
              0.3333333704206627
            ],
            [
              0.3333333426051657,
              0.3333333704206627,
              0.33333328697417164
            ]
          ],
          "similarity_matrix": [
            [
              1.0,
              0.8828179836273193,
              0.9916420578956604
            ],
            [
              0.8828179836273193,
              0.9999997615814209,
              0.8968939781188965
            ],
            [
              0.9916420578956604,
              0.8968939781188965,
              1.0
            ]
          ]
        },
        {
          "round": 2,
          "time_taken": 6.276215076446533,
          "reward": 0.09999999999999998,
          "majority_answer": "B",
          "is_correct": false,
          "agent_answers": [
            {
              "agent_id": 0,
              "answer": "A"
            },
            {
              "agent_id": 1,
              "answer": "B"
            },
            {
              "agent_id": 2,
              "answer": "B"
            }
          ],
          "weight_matrix": [
            [
              0.3433922033551248,
              0.315224629798057,
              0.3413831668468182
            ],
            [
              0.3225711973050592,
              0.3513952391741939,
              0.32603356352074686
            ],
            [
              0.3402319882624771,
              0.3175337616411464,
              0.3422342500963764
            ]
          ],
          "similarity_matrix": [
            [
              1.0000001192092896,
              0.47590625286102295,
              0.47204259037971497
            ],
            [
              0.47590625286102295,
              1.0,
              0.9932566285133362
            ],
            [
              0.47204259037971497,
              0.9932566285133362,
              1.0
            ]
          ]
        },
        {
          "round": 3,
          "time_taken": 5.357282400131226,
          "reward": -1.3877787807814457e-17,
          "majority_answer": "B",
          "is_correct": false,
          "agent_answers": [
            {
              "agent_id": 0,
              "answer": "B"
            },
            {
              "agent_id": 1,
              "answer": "D"
            },
            {
              "agent_id": 2,
              "answer": "C"
            }
          ],
          "weight_matrix": [
            [
              0.44178115394261236,
              0.27970683567299687,
              0.27851201038439094
            ],
            [
              0.24088076418588703,
              0.38045756625351224,
              0.37866166956060066
            ],
            [
              0.24009884737682954,
              0.37905170304994795,
              0.38084944957322253
            ]
          ],
          "similarity_matrix": [
            [
              0.9999999403953552,
              0.4147679805755615,
              0.44607001543045044
            ],
            [
              0.4147679805755615,
              1.0,
              0.3889045715332031
            ],
            [
              0.44607001543045044,
              0.3889045715332031,
              1.000000238418579
            ]
          ]
        }
      ],
      "total_reward": 1.4,
      "is_correct": false,
      "time_taken": 22.022562742233276
    }
  ]
}