{
  "parameters": {
    "agents": 3,
    "debate_rounds": 5,
    "model": "/mnt/public/code/zzy/wzh/dynamic_train/dt-data/mars/ckpt/Qwen2.5-1.5B-Instruct",
    "device": "cuda",
    "episodes": 1,
    "base_threshold": 0.0,
    "final_threshold": 0.8,
    "outlier_threshold": 0.5,
    "min_weight": 0.1,
    "max_weight": 0.9,
    "use_outlier": true,
    "equality_weight": 0.5,
    "use_embeddings": true
  },
  "summary": {
    "total_episodes": 1,
    "correct_episodes": 0,
    "accuracy": 0.0,
    "timestamp": "2025-04-20T08:53:29.428839",
    "run_time_seconds": 445.5580966472626
  },
  "history": [
    {
      "episode": 1,
      "question": "In how many ways can $7$ people sit around a round table if no two of the $3$ people Pierre, Rosa, and Thomas can sit next to each other? (Seating arrangements which are rotations of each other are treated as the same.)",
      "options": [
        "144",
        "180",
        "128",
        "156"
      ],
      "correct_answer": "A",
      "rounds": [
        {
          "round": 1,
          "time_taken": 5.555292367935181,
          "reward": 0.19999999999999998,
          "majority_answer": "C",
          "is_correct": false,
          "agent_answers": [
            {
              "agent_id": 0,
              "answer": "C"
            },
            {
              "agent_id": 1,
              "answer": "C"
            },
            {
              "agent_id": 2,
              "answer": "C"
            }
          ],
          "weight_matrix": [
            [
              0.3333333426051673,
              0.33333331478966555,
              0.3333333426051673
            ],
            [
              0.33333332869741616,
              0.333333356512919,
              0.33333331478966477
            ],
            [
              0.3333333472410844,
              0.33333330551783125,
              0.3333333472410844
            ]
          ],
          "similarity_matrix": [
            [
              1.000000238418579,
              0.9230080842971802,
              0.9404618740081787
            ],
            [
              0.9230080842971802,
              1.0,
              0.9326273798942566
            ],
            [
              0.9404618740081787,
              0.9326273798942566,
              0.9999999403953552
            ]
          ]
        },
        {
          "round": 2,
          "time_taken": 4.247128486633301,
          "reward": 0.19999999999999998,
          "majority_answer": "C",
          "is_correct": false,
          "agent_answers": [
            {
              "agent_id": 0,
              "answer": "C"
            },
            {
              "agent_id": 1,
              "answer": "C"
            },
            {
              "agent_id": 2,
              "answer": "C"
            }
          ],
          "weight_matrix": [
            [
              0.34430175778057465,
              0.32574584144261237,
              0.32995240077681287
            ],
            [
              0.3263620786675594,
              0.3449530985891616,
              0.328684822743279
            ],
            [
              0.3291892222217783,
              0.3273053885568094,
              0.3435053892214122
            ]
          ],
          "similarity_matrix": [
            [
              1.0000001192092896,
              0.8999786972999573,
              0.9026352167129517
            ],
            [
              0.8999786972999573,
              1.0000001192092896,
              0.8995640277862549
            ],
            [
              0.9026352167129517,
              0.8995640277862549,
              1.0
            ]
          ]
        },
        {
          "round": 3,
          "time_taken": 4.467628002166748,
          "reward": 0.19999999999999998,
          "majority_answer": "C",
          "is_correct": false,
          "agent_answers": [
            {
              "agent_id": 0,
              "answer": "C"
            },
            {
              "agent_id": 1,
              "answer": "C"
            },
            {
              "agent_id": 2,
              "answer": "C"
            }
          ],
          "weight_matrix": [
            [
              0.34942679716045155,
              0.32496171074524716,
              0.32561149209430124
            ],
            [
              0.32520600842468395,
              0.34968948704931124,
              0.32510450452600487
            ],
            [
              0.32564452145220835,
              0.3248932362540265,
              0.34946224229376527
            ]
          ],
          "similarity_matrix": [
            [
              0.9999999403953552,
              0.9481045007705688,
              0.9377955198287964
            ],
            [
              0.9481045007705688,
              1.0,
              0.8956132531166077
            ],
            [
              0.9377955198287964,
              0.8956132531166077,
              0.9999998807907104
            ]
          ]
        },
        {
          "round": 4,
          "time_taken": 4.998229265213013,
          "reward": 0.19999999999999998,
          "majority_answer": "C",
          "is_correct": false,
          "agent_answers": [
            {
              "agent_id": 0,
              "answer": "C"
            },
            {
              "agent_id": 1,
              "answer": "C"
            },
            {
              "agent_id": 2,
              "answer": "C"
            }
          ],
          "weight_matrix": [
            [
              0.34245050564941143,
              0.33001035768297826,
              0.3275391366676102
            ],
            [
              0.3333814229510513,
              0.3459486473857316,
              0.32066992966321717
            ],
            [
              0.33171306827740743,
              0.32147247431809167,
              0.34681445740450095
            ]
          ],
          "similarity_matrix": [
            [
              1.0,
              0.889793336391449,
              0.8986429572105408
            ],
            [
              0.889793336391449,
              1.0,
              0.9062597751617432
            ],
            [
              0.8986429572105408,
              0.9062597751617432,
              0.9999999403953552
            ]
          ]
        },
        {
          "round": 5,
          "time_taken": 5.402893304824829,
          "reward": 0.19999999999999998,
          "majority_answer": "C",
          "is_correct": false,
          "agent_answers": [
            {
              "agent_id": 0,
              "answer": "C"
            },
            {
              "agent_id": 1,
              "answer": "C"
            },
            {
              "agent_id": 2,
              "answer": "C"
            }
          ],
          "weight_matrix": [
            [
              0.35064276608332223,
              0.32359254752536065,
              0.32576468639131706
            ],
            [
              0.3229887048060239,
              0.3499884460657361,
              0.32702284912824015
            ],
            [
              0.324453347725715,
              0.32631536949835344,
              0.3492312827759315
            ]
          ],
          "similarity_matrix": [
            [
              0.9999999403953552,
              0.8884822130203247,
              0.9170733690261841
            ],
            [
              0.8884822130203247,
              1.0000001192092896,
              0.9468585848808289
            ],
            [
              0.9170733690261841,
              0.9468585848808289,
              1.0
            ]
          ]
        }
      ],
      "total_reward": 0.9999999999999999,
      "is_correct": false,
      "time_taken": 33.40191173553467
    }
  ]
}